11 10
12 10
13 10
14 10
18 12
22 12
27 13
32 13
38 14
45 14
52 15
55 16
60 16
64 16
66 16
69 16
71 16
72 16
73 17
75 17
78 18
80 18
83 18
85 18
88 18
89 18
91 18
93 18
96 18
97 18
100 18
103 18
107 18
113 17
118 17
121 16
125 16
128 16
132 15
135 15
137 15
140 15
141 14
143 14
144 13
146 13
148 13
152 13
158 12
161 11
165 10
169 10
172 9
173 9
175 9
176 9
177 9
178 9
180 9
181 9
182 9
183 9
185 9
186 9
187 9
187 11
186 12
185 13
183 15
182 15
180 17
177 18
174 20
172 21
169 22
166 22
161 23
156 25
150 26
144 28
140 30
137 31
134 31
132 33
129 34
127 34
125 35
122 36
118 38
114 39
112 40
109 42
106 43
104 44
101 45
96 47
92 50
88 52
85 53
82 55
78 57
72 60
69 61
66 63
63 65
60 67
57 69
55 70
52 72
49 73
47 75
45 76
43 78
40 78
38 80
37 81
34 83
32 84
30 86
28 86
28 87
27 88
26 89
25 89
25 90
25 91
24 91
25 91
29 91
31 91
34 91
38 91
42 91
44 91
48 91
53 91
57 91
61 91
65 91
69 92
73 92
77 93
81 93
83 94
85 94
87 94
90 94
93 94
96 94
100 94
102 94
106 95
109 95
112 96
115 96
118 97
120 97
123 97
125 97
128 97
130 97
133 97
136 97
140 97
142 97
144 97
148 98
153 99
157 100
163 101
167 102
173 103
178 104
183 104
186 105
189 105
191 105
193 105
194 105
195 105
196 105
197 105
198 105
199 106
201 106
203 106
206 107
209 107
211 107
212 107
213 107
214 107
212 107
209 108
206 109
204 110
202 110
199 110
196 110
193 111
189 112
183 113
179 114
175 115
172 115
170 116
167 117
165 117
163 118
161 118
158 119
155 120
152 121
147 121
143 121
138 122
135 123
132 124
129 125
125 126
122 126
118 126
116 127
113 128
110 129
106 130
101 132
98 133
95 135
92 135
89 136
86 138
83 139
81 139
78 141
75 142
74 142
72 143
69 145
64 146
61 147
58 149
54 150
53 151
52 152
49 153
48 153
47 154
46 154
45 155
43 155
41 155
39 156
37 156
36 156
34 157
32 157
31 157
29 158
27 159
25 159
23 159
21 160
19 161
17 162
16 162
15 162
14 163
13 163
12 163
12 164
13 164
14 164
15 164
16 164
18 164
21 164
25 165
29 165
33 165
37 166
40 166
43 166
45 166
49 166
50 166
51 166
52 166
53 166
54 166
56 166
60 166
62 166
68 166
72 166
77 166
82 166
86 165
89 165
94 165
99 165
102 165
105 165
108 164
111 164
115 163
118 163
119 163
121 163
127 163
131 163
134 163
139 163
144 163
148 163
152 163
157 163
160 163
164 163
168 163
171 163
176 163
179 163
181 163
182 163
183 164
185 164
187 164
188 164
190 164
192 165
195 165
200 166
204 167
207 167
209 168
212 168
213 168
214 168
215 168
215 169
212 170
208 171
205 172
199 173
193 175
188 176
182 176
178 177
175 177
171 178
169 178
166 178
160 179
157 180
155 180
152 180
150 180
148 180
144 180
142 180
138 181
136 181
133 181
129 182
126 182
122 182
120 182
117 183
115 184
112 185
107 185
105 186
101 187
95 189
92 189
88 190
84 191
79 192
77 192
75 193
72 194
70 195
68 195
65 196
63 197
60 197
57 198
56 198
54 198
51 199
48 200
45 201
41 201
40 202
37 202
35 203
33 204
30 204
28 205
27 205
24 206
23 206
23 207
22 207
20 207
20 208
20 209
19 209
18 209
18 210
17 210
17 211
16 211
16 212
18 212
21 212
24 213
26 213
27 213
31 213
33 213
36 213
38 213
40 213
42 213
44 213
46 213
47 213
54 213
55 213
56 213
60 213
63 213
66 213
71 213
73 213
79 213
85 213
88 213
89 213
91 214
91 215
92 215
93 215
94 215
97 216
98 216
100 216
103 216
106 217
108 217
111 217
114 217
118 218
121 218
123 218
126 218
127 218
128 218
129 218
130 218
131 218
132 219
134 219
135 220
139 220
142 220
145 220
149 220
152 222
156 223
158 223
160 223
161 223
162 223
163 223
165 223
166 223
167 223
168 223
169 223
171 223
174 223
175 223
178 223
180 222
181 222
183 222
185 222
186 222
188 221
190 221
190 220
191 220
193 220
193 219
195 219
196 219
196 218
197 218
198 218
199 218
199 217
200 217
201 216
202 216
202 215
203 215
204 214
205 213
206 213
207 212
208 211
209 210
210 210
210 209
211 209
212 208
213 208
212 208
211 208
209 207
208 205
206 205
205 203
204 201
203 200
202 198
201 196
200 195
198 194
197 190
195 188
193 184
190 180
189 177
187 172
185 167
182 161
180 156
178 150
175 146
173 140
171 135
169 130
167 126
166 123
164 120
162 116
161 113
160 111
157 106
155 102
154 100
152 97
147 91
144 86
142 82
139 77
136 72
134 69
131 62
127 57
124 52
123 50
120 46
118 42
116 40
115 38
113 36
111 35
110 33
108 31
106 30
105 28
104 27
102 25
100 24
98 22
96 20
93 19
91 17
87 15
83 12
79 9
75 7
72 5
70 3
67 3
66 2
64 1
62 1
60 1
59 0
58 0
57 0
55 0
53 0
51 0
49 0
47 2
42 3
37 6
36 9
32 13
28 18
24 25
20 32
18 41
16 49
15 56
13 65
13 73
13 81
13 88
13 95
15 102
17 111
20 119
23 126
27 133
32 142
34 147
40 154
44 160
47 164
50 169
55 174
59 180
63 184
68 189
72 192
75 195
77 196
81 199
84 200
87 200
92 200
98 199
104 195
115 188
127 181
135 175
144 166
154 156
163 146
170 136
174 129
178 121
181 114
183 108
184 103
185 97
185 90
185 86
185 82
185 78
183 75
183 70
181 68
180 66
178 64
177 62
176 61
174 59
173 58
171 56
169 56
167 54
163 53
159 52
153 52
148 51
142 51
133 51
125 53
118 55
111 57
103 60
96 64
88 70
84 74
80 80
77 86
75 92
72 99
69 107
68 114
67 121
67 129
67 135
70 140
72 145
73 148
76 152
78 154
80 156
83 158
85 159
87 159
89 159
93 159
97 158
100 158
105 156
109 154
115 151
121 149
124 148
126 147
128 147
128 146
129 146
127 146
125 145
122 143
120 141
116 137
111 133
108 128
103 123
98 118
94 115
92 112
90 110
88 108
86 105
85 101
83 99
82 97
79 93
78 91
76 88
75 86
75 84
74 81
72 79
72 78
71 76
70 74
70 72
69 72
69 70
69 69
69 67
72 66
76 65
82 64
90 64
99 64
109 64
117 66
125 68
132 71
137 74
140 76
142 78
143 80
144 84
144 86
144 92
142 96
139 101
133 107
127 112
118 118
106 122
94 126
81 130
67 131
55 133
43 133
37 133
34 133
31 133
31 131
30 129
29 125
29 120
30 115
32 110
36 104
41 100
48 93
61 85
72 80
84 78
95 76
107 76
114 76
119 76
122 76
124 77
125 79
126 81
126 85
126 88
126 92
122 97
117 102
109 108
99 114
90 117
82 119
78 120
75 120
74 120
73 118
73 115
73 112
73 109
73 107
74 105
76 103
79 102
81 102
84 102
87 102
88 102
90 102
91 102
91 103
92 104
92 105
93 105
